434

29. 777777 7777777777 777 7777 zabel 7777777777 7777 7777 777777 7777
7777777 777 7777777 777 77777 7777777 7777 75777777.
77. &tabe 77777, 777 7777777777 7777 777777, 777 7777777777 777777 .
7777 77777777 77 7777777777, 7777 7777 7777777 777 7777777777. ·
· 77. 7777 77777 777 7777777 77777 77777777 777 777 777777, 7777 7777
· 7777777777 ein 77777777 77777777777777777.
73. 7737777, 77777777 7777777777 777777 seit 7777777777 777777.

77. 77777777 6777777777 77777777 77777 777 (77777777 777 7777777777, ⁴

777777 &cele 77777777, 777 777, 77777777 77777 &dudam 77777777 77777.

25. 777777 (7777 777 777777 77777 7777777777 7777 7777777777 7777777777, 77
77777777, 777777 777 7777777 777 7777777777 77 7777777 77777 7777777777.

· 27, 7777777 777 777 7877777777 7777777 7777 7777777777 777777, 77777 777
777777 7777 77777. ’ .

77. 777777777777777 77777 777777 777777 77777 7777777777 7777777.

78. 777777 77 7777 7777 77777777, bie 7777 in &tanmem 777 77777777
77777777 777 77777777

79. 7777 7777777777 77777777 7777 777777 777777 77777 77 7777777777 (77777, 77777777
· 7777777 777777 77777777.

39. &in 77777777 7777777, 777 7777777777 777, 77 77777 7777777777,
777 7777 7777777777, 77777 777 777 7777777777.

37. &o 77777 7777777777 bie &tete 777, 77 77777· 7777 7777777777.

» 32. 77777777 77 7777, bet 77 77777 77777 7777777777.

33. 37777777 777777 (7777777 7777 7777777777 7777 77777777777777777.

34. 6777777777, 777 77 777777 777777, 7777 77777 77777777 777777 77777777.

35. 7777, 7777 777 777 7777 77777, 7777777 bu 77777 777777 7777777 777777
7777777 777777 ein 7777777777 77777777 77777 7777 ist 777 77777
. · 34· 7777777 7777 7777777777 77777 77777 77777777 77777777, 777 7777 [eiam

ι77777777 77777 737777 77777 7777777 7777 777777 7777 ,
. 37. 77777 (777777, 77777 77 7777 7777777 777 7777777777.

38. 77777777 77777777 77777 7777777777 ist ’777 (77777 777777 777777 7777
,7777777777 777 777777 77777777. 77777 777 777777777777777 777 7777777777
777 7777, 777 77777 nudie 77777 97777777 77777777, »attactum 777 7777777777.

39. Die 677777 777 &cele 77 7777 77777777 77 77777 77777 777777 [eia
,7777777777 77777 &tethea 77 77777777 777777, 777 777777 777777 77777777 777
7777777777 777 &ecte 7777777777.

40. 777777 777777 777777 ben 7777777777 7777777777, 777 777 777 77777777
7777 77777777 7777 7777777 77777 777, 777 77777 7777777 777 7777777 777777 7777777777
777 mre} 777 7777, 7777 777777 7777 7 77 77777 777 77777 s 77 777777 77 7777777
77777 7777777777.

» 41. 777 7777777 7777 777777ῑί77777 77777777 77, 7777, 777 7777777 777
777 777777 777777 777 7777777777, mit 7777777 7777777777 777 777 7777
777777 &cele 77777777. ·

 

