22

20 (0222 22222022 02020 220 2222 2202020222 0222202222 2222022
’ 222 2222022222 2022022202
22, 022 02222, 022 02 022 000222 0222022202, 222 2222 0222222220 ’
202022 002222, 2222 0022220 22022 0222020222 202 022 02222, “
22, 022 2022220 22222 222222 022 0220222202 222 32222 022 0202,
02222 2022, 022 2 d) 20200 2 02022, 222 222222 022 2202220222 2202 ,
t 22. 222 0222 02222022220 022 20222222 22222 2222 222002202022, 22222
2222 22 022 02222220 022 020220 022 02222022 02200 1
20. 22222 022 022222222 20222222 022 0202222 222022 0222 022222 0220022
020, 2222 02222222 022 0220020202 222 02022 020 2222 0202222202 222022 022
22200221)
25. 202222 022222 22022 22222022 2222022 02220 022 (020 22220 2222022 2222
, 02022220 0022020222 2022022 022222, 2220022022 2222222 02202οἕ22, 02
022222 20222 02220 202 220 202
20. 2222222222 2 20 2222222 22 222022, 2220 22222 02 22202 22222202
22220222 220 0022222 020 22222222 22 02022022, 22220 22222 2220 22222 20222ομ
222 02 222,
27, 022 0222020222 022 (0220000022 202222 2222222 22022022 0222202,
2222 022 02222, 2222202 22222 022 0202 020 022200222222 022,
28 022 0202022 022 0202 22220222 222 2222222 222 32022, 022022 ·
0222202020 2022 02 22022 3222
29 0222220222 22222 22022 3202222222 02 2222222222, 220 022 02022οι22
222222 2222 0222222220 222 0222222200 2 2222220222,
30. 2022 222222 0222222 022 2222 22222 0202002, 222 222222 002222
22222 0220 0220 02 20202223) ,
31 2022 2222 022 02220 22222 0222 022022 22 02202, 22 022 02222220
222222 0222 0202222022 02222222.

x {2 022 0220 22222 2002222 20 2222202220, 2222 022 0222 22222 ’
22222 222,

23 0222220202 022022 202222 022 0220222022, 2220 2202200222 2220222
222 022 0220222022 22202 222222022022
, 30. 022 2022220222 22202202 0222 0222022 0222 202022222022 0202222220
0222222 22 22222 2220222022, 02 0222 0222 (20222 2222220. ·
35, 2202222220 20 022 222222 32220 200 22, 0222 022202 220 022 02220 ‘
222 ’22222 0222202022 02222222 22202 222220, 222 022 022220.

m—-n

01122. od.11‚10‚152 .
02222 222 0202022 02222 220 222 020222 20220222

2220222 002022222222, 2222 022 0220 2222 2022220222
222202 2222222022 022, ”

’ 2) 2222 222222 222, 222 22 aa 22222 2222.
2

 

