,’666.

’ ’6’.7, 666 6 666 66 6666666666 666 66661)
68 66666 6666 66 6666 66666.)
69 666 666 66666 66666 6666 66 6666 66666663)
·7ο. 281 ben ’666666 666 66666 666666 666 6666 664)
76. Qu 66666 66666 im 6666666666 6666666666, 666 666 66666,

‘‚ 666666 666 6666666 666666666. ⁵)
’, ’ 76, {bu 6666 666 {auter 666666 6666 (66666 66666666)

’6666666666666 (66666666 6666666666 96666,

(Auson. ldyll. 16.)
888 666 6666 88 666 66666, (6666 6666 6666 66666 66666666
666 6666 66666666 666 666 6666666666 666666), ’ ’
66366666 66 666666 66 66666, 66 6666 66666666 666 bem (666666,
6666666666 66 6666666 66666 666 8088 666 666 666666,
“ (66666 ’666 666 6666666 8818 66 66666666 666 66666666, · 5.
‚ 6666 6666 6666666 66666666 6661666666 66666 66 666666.
(66 66666 666 666 96666 666 6666 im (6666666 666 66666666,
666 666 6666666 66 66666 im 6666666 666 6666666666 Ι6666666666,
66666, 666 666 6666666 666 666666 66666 66666666 66 6666, ’
666 66 66 66 666 66 66, 6666666 66 6666 . 66·
ι’666ῐί666 6666 66 666 &infel 666666 666 666 656666 666 6666 ’
’6666666
6166 666 66666666 666666, 666 6666 6666 6666666 888„ ’
66666 6666 6666666666 66666 66666666 666 6666 6666666666 666666.

6) 6366666 66 66 666 666 6666666666 6666666666
2) 888888 6666 66 66666 666 6366666661 666 666666 6666666 mut:

⁸ 666 6666 818 666 66 6666666666 666 66666666666666 666 666666666666666

6666666666

3)(66 66 666666 6 66666 6666 6666666666 66666 66666666 6666, 6666
6666 6666666 666 6666666666 666 666666 666 66 6666666 666 6666666666
666 6666666666 66666666 666 (66666666666666 6666 66666 666666

4& 666 69 6666666666

’ ’ὂ be3. Qutmfssfst 31¹³ss 3¹¹8 96561 86 666 666 66666 6666666 66, 66 666666
666 6

8)818818882 6666 6666666666 6 66 mie 666 666666, 6666 666 666 ,
· 66666 66666 66666666666, 666 6666666 666 (66666 666 6666666666 666 88

,66 666666 6666 666666 666, 6666666 66 6666666666 6666666 (66666, 66666
, man 66 66666 6666666666ἱ 666666, 6666 66666 3666 66 66 6666666666 -
6666 66666 666 666666 6666 66666666 66666666 666666 6666666666, 666

66666 &8144ss 888 66666 666 bie 666666 6636666666 66666666 666 2828
6666666 666666 6666666666 ’

 

