95

11. 11111 1111111 1111111 1111111111, 111 11 11111111 (1111111
1111111111 1111 111 1111 1111 1111111111, 1111 1111 1111111111 11111111
12. 111 1111111111 11111 11 1111 11111111111111111, 11111111
11111111 11111111 1111111, [11111 11111111, 11111 11 11111111111111
11111111 1111111.
13. 1111111111 11111 11 111111 111 11111111
· 11. 1111111111 111111111111111 1111111 111 1111111111)
15. 1111 &unge 11111111 1111111111, 11111 11 111 (1111111 111111
111111.
11. 13111 11 111 111 1111111 1111111111 111111.
· 17. 1111111111 (1111111111 111 111 111111111)

18. Qus 1111 1111111, 1111111111 111 11111111, 11111111 1111, '

*w ᾗ1211αωὲῗ1ῒ114)1111111111 11111111 11111 11111 111 111111 111, 1111
1111111 111 11111 111 1111115) γ ’
20. 1111 1111111111111 bingen 1111 11111 1111 1111. ⁶)

ι 1111111111, 111 (11111111111111111111111111, 11111111, 11111 11111111

111111 11 &dam 111111111111111 11111, 111 1111111111 111 &enne 111111
111 1111111111 11 geben 111 mit 11111 1111111111 111 su 11111111.

’ 1) &⁰ 111111 111 111111 gu 111111 (11111 ὅ, 1)1 81111 11111
11111111 111111 11111, 1111 11161111, 111 111 11111111, 111 11111,
111111 11111 §om 1111111111 1111111 111111 11 11, 1111111, 111. 1111 1111
1111111 1111111111 1111111 11 1111 111111111111111 1111111111,
111 (1111111 111111 111 1111111111 11111111 111111 1111111111, 111 11111111

,1111111 111 1111111111 11 1111 11111 111 1111111 111 111 1111111 11111111
1111. 11111 1111 1111 11 111111 1111111111 11111111 111 1111111111

11111 1111111, 1111111 111 111 111111111111111111111, 111 11111111
1111111111111111, 111 1111 111111111111111111, 111 1111 111111 1111
1111111111 111 1111 1111111111 111111111 111111, 1111111 nuce 11 111 111
111 1111 111 111 111111 111 111111111111111 111 (11111111.

um 2333ss 1111 1111111 (11111. 15, 1111111111 1111111111 1111111111
ἃ, 3) 1Ῐῦ111 3111111111 111ἓζρ1ᾶ11111111 111δι111 Θ111111 e{esonn'enbef‘t 111ι
11111111 111111 11 11111111 111111 1ἑὶ 1111
1111, 1111 111 1111111, 1111 11111 111111, 111111 11111111111111, 1111111

, 111111111111111111111111 1111111.

1111111111 1111111111111111 1111 11111111 111 1111111111, 11111111
, 11111111 1111111111 111 1111111, 111111 11111 1111111.

511311 15111111111111111111111111111111111, 111111 1111111111, 111 -

1111 111111 11111111 1111 1111111111 111 1111 1111111111, 11 1111111 1111·

’1111111111 1111 11111111 111 11111111 11111111 111. ,
6) 1111111111 1111111 11111 111111 11 intelli 1111 1111111111 111

1111111111 111111 1111111 111 11111111111111111 1111,Δ 1111111111

 

