44

2ο. 2322 232222222223 ’332 332 33232 22333332 3322 3112332223 332
men 222 2523333 232 22232 &dmum 332 2323322.

21. Ι322322 33222, 232 222 23232323 2232 32233, 323 23222233 2333 .
mit 2222333 ist 3233223333, 3233 mit 811er 232 3222333223. ·

22. 2222 22223 232 223223 232 22322333 233 223 22322, 332 2222
· &44940341142 ein 3333233 233333332233232.
23. 233223, 23222232 3332232339 {unqe 3322 verborgen 222222.

24. 33322222 3223333223 33223232 23322 233 (23233223 233 2233323322, ,

232233 &cele 23232232, 323 222, 33322233 mit 23223323 33332222 33232.

25, 22223 &ott 411 33233 mit 23232223 non 3222222223 23222233, 23
332332, 2333 232 233222 332 23233232 ist 22323 guid) 3222222332.

· 22, 23333 23 232 33233322 322332 233 23223333 3322222, 23222 23
nicht 3323 32223. ’ .

27 3322322233322, 3322232322 222222 22223 223333332333 2223233.

28. 23223 23 2333 23 22 322333, 222 bid) 23 6232222222, 223 223223
3322232 gu attagen

29. ver 23222223 3333222 332 23322 nicht 233 q 2222332233 (23222, 2332223
’ 2332322 232232 23222222.

33. &in 22233232 23333, 222 (3332223222 322, ist 3322 2222323222,
223 ein 2232233932, 22223 323 ein 3333332223.

31. &o 32223 3323223223 222 &tete 232, 23 victe 2322 32222233.

2 3222233233 ist 2222, 222 fid) 32322 232222 2223232332. ,

33. 82333223 32233 (233222 2222 2223323323υὸ 332 3332222323333.

32. ,8332232332 232 23 3322 2222312,333322222333333222233322222.

35. 3232, mne 23 232 2232 23222, 232232 23 332) 2323322323 23333
2233232 2333 ein 22222222 3222232 32233 23232 22 223 22232. ⁴
, ·· 32- 22323 233 2223322333 32222 uad) 233333 3322233, 323 aad) 222323

«mrtem 2233 232222 22223 2322232 332· 22233 gut.
Ι 37. 2233 (233233, 3233 22 &um 232333 gu 3222222333

38. 232333 3332232 332 2322222333 2212322223 23233 232222 333
,2222232233 33 222222 3332222. 2332 233 233222233222322 332 2232333222
232 (2223, 333 22223 mette 332 9332232 22223332, 2322232323 332 3222332232.

39 mie ’623223 223 &cele 322 2332233225 22 323232 22322 22323 223
33222322ῐῆ23 &cela &tethea 32 3332222 232222, 323 2322) 3333223233 Ι333
3233332332 222 &cele 3222322233 Α ,

40. 23322 222222 323223 223 33232223 3233332, 233 2 d) 332 2323322
2233 2333233 3233 222333 32323222, 223 332 einen 2133 233323, 2333 23323223
ist 22323 232 3232, 332 32223 332 232 23222 332 &ott 2 d) 23233 ist 233332
3222 2322332222.

- 41 &umiferum 332232322223 223333 322, 3323, roo 3232222 332
223 222223 mitten 2 d> 32333233, 332 3232223 2323333333 232 233 2322
222323 &ecte 32223232. -

 

