94

' 6 66666666666666666666666666666. mmmm*

' 6666 66666666, 666 mit 6666666666 666666 66666666 6666. ²)

7. 366 666666 66666 6666666666 66666 6666666 666666, 6666
66666 66666666 66 6666666 66666 66666. 6666 66666, 66 66666 {tis

’ 666 6666666666 θ6666666666 666 6666666666666 6666666666, 666 66666666 ⁶

666666 6666, 6666 6666 6666 6666666666
’ 8. 666666 666 66666 66666 mit 6666 66666666. stege 6666
666 666 6666666666 3666 666 6666666666 66666. obet: 66666 6666 66666
666666 66 6666666 6666666, 6666666 6666 666 6666 6666 66666, 666 66
66666
6. fflitf 666 6566666 66666 in 666 6666666666. 666666 6666.
6666666 66666666 6666 6666 66666 66666 morte 666666 6666 666 666666 666 6666
66666666 666 (6666666, 6666666 66666 666 666666 666 6666666666 66666666 66666
Ao. 63666 666 6666 vom 86666 6666666 666, fo 66666 66666
666 &put 66666 66 666 666666, 6666666· 6666666666 fies 6666 66

’ 666666 666 &put 666 6666666 66 666 666666 6666666666. 9666666666

666 66666 gu 6666666666, 66666666 6666 6666666666, 6666666 66666 &pue 666
366666 666666 66 66666. 66666 66 6666 66666666 666, [nu 666 666 6666666
666 66666 (66666666 66 6666666666 6666666 6666666665)

1) &damme 6666666 666 &epita 6666 6666666666. 666666 66666666 ι

¹ 666 66666 666 6666666 666 66666666· Sat. 1, 4, 8¹:

666666 666 666666 66666666 666666 6666 66666666,
6666 6666666666 666 66666, 66666 6666666 6666 666 66666666,
66366 6666 6666666666 66666666 666666 666 bem 6666666 666· memb„
96666666 (66666666 666666, 666 66666666 6666666666 66 6666666
66666 66666666 666 ist 6666666, 666 66666 66666666, 6 666666

’ ’ 2) 3666666666 6666666 66666 mer &ptudv 66666666 666 66666666, 66666
666666666666, 66666 66666666 ,6666666666 6666666666, 666 6666 6666666666
66666666 666 6666666 666, 66666 666 6666666666 6666666666. 6666 8666

666 6666666666 666 666 66666666666666 6666666666 66 666 66666666, 66666 ’

666 666 66666 666666 666 366666 666 6666666 66666666 66 666 666666 666
6666 66666 seit 6666 6666666666 66666666, 666 6666666 &it 6666 66666666 666
666 666 6666666666 66666.

- 3) 6666666666 (snt. 11, 6, 676.) 6666666 666 66 6668666666 6666 ’

ξὲιέἓηῦῢᾍτξοῗῶτέπ66ῐ6ι6 6666666666 66666666 66666 6666666666 66666 666

6) 66666 (Epist. 1, 6, m 2
366 66666 6666 666 (66666, 66666 66666666, 6666 6666 6666666666
mg. η’]οἱ gite ἓξὲξ 6666 666 6666666 666 666666 666 666666 ’6666 cute

5) 666666 66666666666666666 6666666666 6666666 666 6666666666, 666
666 ς66666666666666 6666666666 {o 66666 &mr 66666666 6666666. ς6666666)
«66666666 666666 666 666 66666666 6666 6666666666, 6666 6666666666

 

