11

5. 1111 811111111111111 1111111 111111 11111 18111111, 11111111 11
111 &cete 1111 111111 (1111111 gibt.

11. mer 111111 111 11111111 111111 1111111, 1111 111 11111.

7. m 1111111111 1111111 1111111111 11111111, 111 311111 ist 1111
111111 bem 1111111111.

8. (111 augea 111111 1111111111 1811111111 111111111111, 11111111 11
1111111111,111 1111111 111, um 111111 11 11111 11111,

9. 111 111111 1111111111,11111111111111111111111,11111111 11111
111 111111 1111 1111, 11111 11 11111111, 11111111 11111 11111 11111.

1ο. 1111111111 1111, 111 1111111 111 8111111111, 111 1111111111αῇ
111 Θ111111111111 1111111111. ¹

11. 1111 61111111 11111111181111111111 11111 1111111111111111
111 (11111 11111 111111111151111111 1111111111 11 111 111111 111 nutet:
1111111.

11. 11111111111111 1111111111 1111 111 1111111111, 111 1111111 111
1111111111 im 111111 111 111111111111111 (11111111.

13. Det 1111111111 1111, 111111111111-1111111111, 1111111111 111
1111 11111 1111111.

11. 11111 111 151111 11111 31111111 111 1111111111, 11 1111111111
bet 1111111111 .

15. 1111111111111111 111 eine 1111 11111111 1111 11 1111 11111, 111
11 1111111111

16. met 111111111111111111 1111111 11111111 1111111111 111111 111
111111111111 111 1111111111 1111111111 111111111αῇ fid) 1111111111

17. 111111111111111111,11111111111111 1111111111111 1111, 111
1111111111111111111 menig 1111111111.

18. 11111111 1111111 1111111 1111 1111131111, 111111 1111111111111,
1111111111 gestitet.

19. 1111 Q! 1111 111 (11111, 1111 1111 [1111111 1111111111.

1. 1111 1111111111111, 1111, 1111111 11111111 11111 11111111 11111111, .

truncoque simillimus Hermae.

1911111 11111 111 111 1111111111 1111111111 1131111 1111111111 bes
111111111111111111 1111111111, 1111111111, 1111111111 111 11111. &o 11111111
1111111 11 1111111111 4, 61 &ute 11111 [11 1111 1111111111 111 mit
ῢ11111111111,111 31111 11, 1111311 111111 111111 11 1111111111 1111111
11116.111111111111111111111111111111
111 111 111 1111111111 oft 111 urbani snl'es 1111111111.

 

