33

37, 933333 33333 3333 methuma)

33, 3333 {eine 333333 3333, 33 3333333 33 333333.

39, 33333 33333 333 9333 33333, 333 33333 333 3333 333333
3ο, 3333 9933333 33333 33 3333 3333333333, 3333 nicht 33333), ’
41, 3333333 333) 333 333333 333 33333333 3333333333

43, 3333333 333 333333 33333)

43. 333333 333 333333 33333 3333333333,

44. 333 3333 3333 333 3333333 33333 3333333 3))33,

45, Qu 3313 33333 333 333333) 3333333333 333333 3333, ¹
43, Qu 3333 3333 tuit aufttagen.⁵)

37, Qu 333 333 3333 33333 3333333.

43, 3333333) 333 33333 33333)

49, 33333 33333 33333 333 &nnnc 3333333)

50. 333 3333 33333 [3333333 333 3933333331)

31, 33333 933333 333 33339) J ’

1333 333 3333333 3333333. &o 333) 33 3333333 3333 3333333333 3333 333

3333333333 333 333333 3393333333, 333 33 333 in 33313 333 3333 3333
33333333 3333333333 33133333, 3333 33333333 333 3333333333 3333 3333 333
33333 333 (333333 333 333 3333333333 333333333333333 3333333333333333
3333333333333, 333 3333 3333333 33333 33333, 333 333333 333333 333 3333
333333 333 &cite 33 33333. - 3333 33333333333333 333333 333 3333333333
33333 33333333 33333333, 333 333 333 333 333333 3333 3333333 333 933333
333 33333 33333 33333 333 33333 333, 33333 3333333 333 &itm 33333,
333 3333 33333333 333 33333 33333333 3333333333 3333 3333 33333333 333
mit 3333333333 33333333 33333,

1) 33333333 1333 33333 33333 9333333333 33333333 333 3333333333 “
93333333 33 33333333,
, 2) 333 33333333 33333 33 333333 3333333333 333333 3333 333
33333333 333 3333333333 3333333 333) 333 333 333 33333, 333 3333
3333333333 333333 333333 33333333 333
3) wicht 33333333 33 3333333,
bn gmaetoeffitmriofiz 93333333 3333 333 333333, 3333 ste 333 333 3333333
3) 3333· 333333) 333 333333 333 3333333333 333 3333333333.

δὲ 333 3333 3333333333 333 33333333 333333333333333 333 33333333
3333 33 333 3333 oft 333 3333333 333 333 333333 3333333.

7) 33 3333333333 333 3333333333 3333333 33333 3333 33333333,

3) Du 333 333 33333333 33331333 3333 333 333333 33333 333 (its.
33333333 3333333333,

9) 8333333333 Die 3333333333 3333333333 333 3933133333 3333 333333
333 33333 33333333333333 33333 333333 3333333333 333 &celet 333 393333
3333333333333333ἓέ 33 ῐ3333333,33333

 

