11

5. 111111111111111111111111111 11111 11111111, 11111111 11
111 &cett 1111 1111111 (1111111 1111.

11. §ber (11111 111 11111111 111111 111111, 1111 111 11111.

7. 1111 1111111111 1111111 1111111111 11111111, 111 111111 1111111
1111111111 1111111111.

8. 1111111111111 1111111111 11111111 11 111111 11111, 1111111111
11111111 1111, 111 1111111111, um 111111 1111111 11111.

9. 1811111111 11111111,11111111111111111111111111111 111111 ’-

1111 111111 1111) 1111, 11111 1111111111, 11111111 11111) 111111 tant.

19. 1111111111) 1111, 111 (11111111 111 1811111111, 111 1111111111
111 1111111111111111111111 J

11. §aie 11111111 111 1111 111 6111111111 111111 111 111111111111111

111 111111 11111 11111111161111111 11111111 111 111 111111 111 nutet:
111111.

¹) 12. 111111111111111 1111111111 1111 111 1111111111, 111 111111 111
(1111111111 111 111111 111 111111111111111 11111111.

13. 11111 1111111111 1111, 1111 111 111111111111111, 1111111111 111
111 11111 11111111 ’

11. 11311 111 61111111115111111111111111111, fo 1111111111
1111111111 ,
15. 11111 1111111 11111 111 1111 11111 11111111 1111 11 11111 11111, 111
11 1111111111.

16. 11111111111111111 1111 111 11111111 11111111 111111 111
’ 11111111111111111 1111111111 111 111111 6111111111 fid) 1111111111.

17. 111111111111111, 1111 111 111111 111 1111111111 11111, 111
1111 11111111111111 111111 1111111111.

18. 1111111 111111 1111111111 11131111, 111111 1111111111 1111111111
1111111111 1111111.

’ 19. 1111111111] 111111 &alb 1111 1111 1111111 1111111111.

5. 111111111111111,1111,111111 11111111 11111 111111111111111, .

truncoque simillimus Hermae.

19) 11111111 111 111 [1111111111 1111111111 1111111 111 1111111 111
11111111 1111111111) 11111111, 1111111111, 1111111111 1111. &o 11111111
1111111 11 1111111111 1, 6: (1111 1111111 1111 it 11111111 111 111
6111 11111111, 111 3 11111111, 11113111 11111 31111111 1111111111 1111111

ι1113111 1111111111 111111 31111111 (1111111. 1,, 111 3111111 111Θ111
1111111 11 111 1116111 1111 11111, 111111111111111111111111
111111 111 11111111 111 111 urbani sales 1111111111.

 

