5. 1811111111 1111111111 1113111111 ¹

1. 11111111111111111111 61111111111111111111111111111. .

7. 111111111111111, 11111 111111 11111111111111111111111111, (111
1111111111 111111 11 111 1111111. ’1111111111 11111 1111111111 111111, 111111 ,
1111 1111111111, 111 11111111 1111111111111111, 1111111111, (1111ί 11111
111111, ist 1111111111 1111 1111111111. 1111 1111111 111 1111111 1111111

“ 11111111, 1111111111, 611111111111111, 1111111 1111 1111111111 1111111111

111111. 1111111111111111111, 111 311111 1111 111, 11111111 111111, 11111
1111111 1111 1111111 111 11111112) - ’
8. 11111 1111111111 111 1311111111 111 1111111111 11 111 1111111111
1111111 61111, · ,

9. 11111111111111111111111111111111111111. '

10. ῶ11111111111111111111111, 111 1111111111.

11. 1111111111111111191111111 1111111, 1111111 1111 11111111ὓ111
11111111. ’ · 1·

12. 1111 1111111 1111 1111111111, 111111 &irenem

13. 11111111111111111111111111111111. ¹
' 11. 1111111 11111 11111111, 111 111 11111 111111 11111

15. &e 11111111 1111111111, 1111111111, 111 111 ,1111111111 1111
1111111111111.

16. 11111111111111111 111 11111111111111 1111118111111111
¹ 111 11111111 1111111111) ⁴

111 6111111. 111111111111111111111 111 &cele 11111111 111 11111111
· 111111, 1111 1111111 11111111, 1111111111, 111 1111111111, 11111 1111
&duas 1111111111 1111 111111111111111111 111 &beroem 1111111111
11111, ,11 1111 11 1111 11111111 111111111111111111, 1111 11 1111111 ’
- 1111111 111 1111111 11111111 11111.

1131111111,1111 &o 1111111 3111111 11111 11111 1111111111,
11 11111 (11111, 1111 11111111111111 11111 11 511111, 11111111111111111111 χ
1111, 111 1111111111ηῇ ist 11111. ’

1111111111111 111 11111111, 111 1111111111 11111 111111 (11111111 1111
1111111, 111111 11 1111111111, 111 11111 111 (1111111111, 111111111111111
111111111111111111111111111111 11 11111111 111 11111111 111111. 1111111
11111 111111 111 111 1111 111 111111 11111111111 11111111, (1111111111
111 111111, 111111 11111111 1111111111 1111111111 1111111 1111

3111111111. de ira Dei 1171 81⁹1ae 111 1111 1111511111 111111,
1111 111 1111111 11111111 1111 1111 111 (1111111111 11111111, 11111111 1111
11111 1111111111, 111 111111 111 6111111111.

11 31111113, 11 1111 1111111111 111111111111 1111 1111111 111111 ·
Q {aggae 11111 ist 111 1111111111 111111 111 ,1111 111 111111 11111111

 

