ffi

9 999999 999 aarum 999999 99 m 99999·

9999999999 99999999 bvi 99999 999 uim 9999 9999999 Rabbow

bmffsswm 9999 99 mmm& 9999 m 99 Maro
999 &ubet 999, 9999 999 999 999999 99999999.

&magau 9999999 99999 bie 999 auf, 99999999 99999999 bie

58 9999 9999999999 999999 999 999 9999999999 mnemia

¹ 999999 9999999 m 999

59. 99999 ist 999 95999, 9999 9999 bet 999999 999 99999999,
’9999 999 999 99999 9999999999 99999999, mein 99999 999 999
’ 99999999 meviam.)

w 9999999999 9999999999999 9999999999.

1 9999 bu 999 99999999 9999, bae 9999999 999 999 99999 9999
(999999 (99999999 999 9999999999, 9999 with 99 bit 9999 99999, 999 bu

999 99999999 9999. ²)

2 &ei 99999 99 99999, 9999 bet 9999999999 99 999 999999 k

&obe 99999999 ,

9. &ott 9999 9999 99 3999, [nubem 99 999 999999 999999
'mitt' 9999 bet 999 99 99999 999 (9999 (tr 99999 99 &tatu 99 99999·
99999 men 9999999 999 999999 millen 9999- 99 999999 9999999.

9.“ 99999 bu 99 9999 99999 999999 im· 999999 99999, 9 99999 99 ec

9999 mit 99 9999 999 9999 999 bit 9999, 9999 bu 999 999, 99995
&ntes 9999999 9999 999 bet 99999999 9999 mentm 999 9999 99
99999 999 scine 9999999 9999 &ecte 99 bie 9999999999 999 99999 99
mens 9 999999 bet 999999 999 9999 9999 993) 1

5. 9999 999 99999999 99999999 9999 999 999999 999 999999 9999
’9999 99 999 9999 bie 99999, 999999 99 morte 9999999999 99 99999.

1) 99 99999 ’999 99999999 99999999 {abes 999 9999 999999 99, ’
999999 999 999 9999993 9 9999 9 9999 [eine ῳ59999 9999 eine 9999999999 .
“ 9 9999999999999999999,99999999999999999999991999 999
§Be 999 999 9999999 9999 9999 99 99999 99999 9999999999, -

. 9 &o 99999 9999 9999 9999 9999 9999999, mitt 9999999999
9ιί9 999999 99999 &encta (Epist. 5999 999 99999 ’9999999999 99999

9999 ist bauembs bie 999999 999 999 99999 vetum (nput w)

999 9 99999 (999 99999 fest.
3) matth. 95, 55· 99 99999 9999 99999 9999999 99999 aut 999
99999 &dm 9 seinte 9999999, 999 999 99999 99999 999999 9999 99999,

’999 99999 9999 69999.
69

 

