28. (333333 3313 33333 3333 in 333333 6333333331) ’

29. 3333333 33333 33333 in 333 33333333 ,

3ο. 3333333333 333 (333333 333 3333333333 3333333 3333333 33333 333
mamare 33 33333333. · ’

33. 33333333· 33333 in ’3333333333 333333. ’

32. 33333 33333 33333 33 333 3333 333 333333 3333333333) “ ’

33. 333333 33 vom 33333, 33333333, 3 333333 33 333333 3333333 333
&putea 333 3333 3333333 333 33333333)

34, 33333333 33333 333 3333.

35. 333 33333 3333 (333333 33333. ⁵)

33. 3333 3333 35333333 333333 33333 333 333333 333333, 3333 33 ,
3333333336) ’ “ “

1) 3333 (333333 333 3333333ῐί333 333333, 3333 3333333 (33333333, 33333
33333333 in 3333333333 6333333333 -333 333333333333. “- (3333333 333
33333 333 (333333 333 man 33333 gum 33333333 3333333.. 3333 333 &thau
333333, nicht 33333 333 33333 3333333.

3) 3333333 333 3333333333 333 383333 333 33333333 333 33333, ‘
3333333333· 3333333333. (ξὸο 3333 33333 (3 Gor. 33, mx ’3333 33333
3333 burch 33333Ι &megel 33 33333333, 3333 3333 333 33333333 33 33333333.
5333333 (Petr. 1, 39) neunt 3333333333333 33333 333 33333, 333 33 3333333
33 tinem 3333333333 333 333 333 3333333, 333 333 3333333333 3333333
{n 333 333333. - 33333333 ,333ῑέ133 5333333333 3333333333 33333 33333
333 33333333 333 33333 3333 m 3333333333333333, 333 fimat 333 (33333333
33ῑῇ(δίζ33ῗ3336333ἓ3ἓ3ἲ 33333 3333333333, 3333 333 3333333333, 3333 3333333333, x
333 3 333 3 . ’ « . ’

3333333333 . 343. , · ,
,333333 333 33333333 3333 333 &wigen 3333 33 333 3333333 ,

33333333 33333333 nom 333333 mit blintenber-&cbfirfe 333 (333333.
3333333333333333333333333333333333333
333333 333 (333333 333 333 3333333333 333 33333333 333333ἰᾷ 3333.

4) 3333333 (3333333 8): 3333 3333333333 333 333333 333 aad»

3333333 333333 3333333333 &inm 3333333 333 333 3333333333 33333333 333 ,

33 333 333 333 333333 33333 333333, 3333 bem 33333 333 333 333 3333333
333333333333333 &orm 333333 333 3333 3333333333 (33333333 3333333333.
&ulla 33333333 »33333 333 3333333333 Α 333 33333 333333 bem 3333333333
3333333333 33333, menn 3333ῐί33 33333 33333333 3333 333 33333333 333
33333333 33333333333333 33333, 33 333 333 333 3333333333 3333333333 33333
333333. - 33333333 mex: 333 33333 333 3333 3333333333, 333 33333 (33333333 “
33 3333333 3333333333333333, 33 333 333333· 3333333 333 33333333
, 333333 33 33333333 333 3333333333 33333333 33 3333333333. 3333333333 moute
33 3333 33333333 , 333 mun 333313’3)3333333 333 (3333313333 3333333333
33333333 333 33333333 3333 333 3333333333. , , ’ ’ ’
ῦὸ) mer &inu 333 3333333 ist 3333333333, 333 [ein 33333333333333
33 333. ..
g· ᾗ) 3333333333 3333333333 33333333, 3333 3333 einen 33333333333333333
33333333, 3333 33333 333 333 &cete 3333333333 3333 333 (3333 33333 333 ·

„7

 

