. 5. 1111111111 11 111111 111 811111) ν
1. 11111111111111111111 111111111111111111111111111111. .

7. 111111111111111,1111 111111 1111111111111111111111111, (111
11111111 11111 111 1111 1111111. ’1111111111 111 111 1111111111 111111, 1111111 ‚
11111 1111111111, 111 11111111 11111111111111111, 1111111111, (1111111111
111111111111111111111111 1111111111. 1111111 1111 111 1111111 1111111

“ 1111111111, 1111111111, 111111111111111, 1111111 1111 1111111111 1111111

1111111. 1111 1111111111 111111, 1111111111 1111 111. 11111111 111111, 1111
1111111111-111111111111111119) ’
8. 1111 1111111111 111 1111111111 111 11111111111111111111111, ’
1111111 &ecles ⁷ ¹
9. 1111111111111111111111111 1111111111. ’
111· 1111111111 11111 111111, 111 1111111111.
11. &age 111111 111 111111 11111111 1111111, 1111111 mit 1111111811,
· 11111111. ⁴ · ,-
12. 1111 11111111 111 1111111111, 111 111 1111111.
13. 1111111111 111 1111111111 11 111 111111. ¹
’ 11. 11111 111 111111 111111 111111, 111 111 1111111 11111111 111111 ·
15. 11111 111111 11 1111111111, 111 1111111, 111 111 ,1111111111 111111
11111111111111.
11. 1111111111 111111 111 11111111111111 111 111 1111111111

¹ 111 31111111 1111111111.·) ’

, 111 1111111. 11111111111111111111111161111 1111111111111111111

· 111111, 111 111111 111111111,11111111111, 111 1111111111, 11111111 111

&duas 1111 1111111 1111 111111111111111111 111 ’1111111111 1111111111
1111, ,11 111 111 111111 1111111111 111111 11111111 111111, 1111 111 11111111 ‘
- 11111111 111 1111111 11111111 1111.

= 1131111111,1111 1111111181111111111 Qud) 11111 1111111,
11 11111 (1111, 111 11111111151111 111111 1151111, 11111111111111111111 ‚
1111, 111 1111111111 111 11111. ’

1111111111111 111 11111111, 111 1111111111 1111 111111 (11111111 1111
11111111, 111111 11 1111111111, 1111111111111111111111111, 1111111 11111111
1111111111111 11111 1111111111 11 11111111 111 1111111 111111. 11111111
11111 1111111 111 111 111 111 111111 1111111111 1111111, (1111111111
1111 11111, 1111111 111111 111 1111111111 1111111111 1111111 1111

3111111111, de ira Dei c. 1⁷2 81⁹1ae 111 111 1111111111 111111,
111111 111111 11111111 1111 111 111 (1111111111 11111111, 1111111 11111
Ι[111111 1111111111, 111 11111 111 (1111111111. ¹

11 5111111113, 2: 11111 1111111111 111111111111111111111 11111111 ·
1111111111111111 111 1111111111 111111 11111111 111 111111 1111 111

Χ 111111 1111111. ,

 

