111. 88. 1111111 111111111111111, 8. 81111111, 11
8111111111 1111 1111111991 [99199191ἑῴ 1111 8111111111111 ἢ

¹ 8111111,8.8.,1111111111111111 1111111111111111111611111111181111ί
11111111. 3111111 11111 8111, 11, 1811. (11 1111111111111111),
J 11111,1.,111111)111111118111111111111111 111 81111111111111, 11 8111,
1111111. 1181181111,
9111111111, 81, 11111111 111, 81111111 1111 111 8111111111 111 81111·
. 1111118119 - , 11111911
811111, 1111, 11111111111111 811111 111 111 111111ᾶί1111 8111111111,
11131111181111111811.38111111111111111118. 11111111. 1111.
wanuh
-’ - 111 8111111111 111 81111111 111111 111 81111111 11111111 111 81·
111111111111111 111 15111111 1111 11111 1818111 1811 111181111111111·
1111. 11. 8 1811. 1 811111, 11, 1 11. 18
- -1111111 111 811111111 11111111 111 8111111181111 111 61111
111111 11113111 18118111 1811 11111 81111111111111. 1181813.
1 1 81111. 11, 1 11, 18 11.
- - 18111111 8111111111, (11111. (11111111) 81111111 111 8111111111 ,
111 11111111 111 (1111111111 11 1113111111 1818 1111 18118, 1111 1111
811111111111111111111111111111111. 11, 8. 1818, 1 811111. 1111, 11,
111, 11 11. .
- 811111, 5 111111111811118111111 1111 1811111 11118111111111 811111
11. 111111. 111). , 1 11. 11. 17 11.
811111111111111, 11., 11, 11, 111, (11111111 11111 1111111111 11181111
111111 111 8111111111, 8, 111, 1611. 11, 1 11. 11 tt.
- - de l’Influenee de l’l'leriture sur le ngage. 1111111111 qui, en
1888, 1 9111111111 le'prix 11111111 par Μ. le 1111111 de Voluey3 snivi
111 (11111111ηαί111 8111111111 et 1811111111. 8. 8 811111. 189 fl.
-· - Alphabet humanique pour 1111111111 111 langues asiatiques en
Lettm eump6ennes. Me'moire que 1’lns'titut royal de France 1
comune} en 1887. Prospectus. gt. 8. 111). 4 11. 11. 18 lt.
811111111111, 11., 111111 1111111), 8111111111 1111 8111111111, &122
1111111111811111111111, 11. 8.4 1 111111. 11 11. 11. 811
- — 81111111 111 1111111111 1111111111 111 8111111111 1. 11111, 11111
1111111111 8111111111. 8. 111 11. 11. 1 11. 1111.
— - 1111111111 111 1111111111 111 1111111111 11111111911111 11 3 1111
1111111111, 8. 1 111111. 8 11. 11. 1 91
8111111111, 11111111ῐά11 11111111 8111111111 1111 811111111111,111811
111 11811111 1111 111 111111, 8. 111. 11 11. 11. a 11.

ι...

 

