125 Ι

11111111 1111111111 11111 11111 111 111 11111111 (1111, ·
1111111 auf 1111111 gu 11111111, auf 11111 &bultem 11 111111,

1111 1111111111ῶ11ῑ11 11 111111 111 1111111111 (111111 111

mit 111 1111111 11111, 111 11111 11111111 1811111111
&ie 11 1111111111, 111 1111111111 13111111 also 1111111111

1111 111 Ι 111 111 111 1111111111 1111 11111111 11111 11111111,
111111 11111111 111 &mx 111 1111111111 11111111 1111111,
111111111111, 1111111111111 11111111111111111 &uam 155.
11111 1111 1111111111111 1111, mae 11111, 1111111111 111 tugen„
11111111 111) 1111111 batum, 111111 1111111 111111 11111111.
&tei 1111111 ist 111 (11111, 111 111111 111 11111111 1111111
1111111111 11111111 (1111111 fid) 1111 1111111111 11111 11111111
{Bar 1111111 111111, nod] 1111111111 mit, im 11111111111111111 160.
11111111 &nbat 1111111111, 1111 1111111 1111 11111 11111111
111111 111 1111111111 &pecc 111 &fingam-non 1111111111,
1111111111111 111ῧ1111, 111 11111111 111 11111 11111111,
31111 11 1111111111 11111111 11111111 111 3111 11 utque.
1111 1111111111 111, 1111111 1111111111,Ι 11 ittet 111 1111 111 161.
«bier 111, 111 1111 111) 11111 1111 11 11111111111111111111111
111111 (1111( 111 1111111111 11111 11 1111111111 1111111 ³
1111 in 111 111111 111111, 1111 11111111 111111 111 1111111111.
1111111111 1111111111 111 111111 gat 1111111111 11111111 11111
1111 1111 111111, 1111 111111, 11111111111111 &utrum 11111111, 111.
“ 1111 11111111 1111 ist, [1 1111111111) bie &cele 11111111,
1111 fic 1111111111 111 (fo 1111 iub) 11 11111 (1111111111
'Datum 1111111111 11111, 111 11111 111111111111 (111111 ·
werbe 1111111 9111111,- 111 1111111111 11111 11111 1111111 1111111111 ⁸

· &celem 11111111111111111111 1111111111 1111 11111 11111111. 111.

1111 11111111 111111111111111 111111 1111111, 111 111 &egel
1 1811111111 11111 1111111111, [o 11111 1111111 11111111 8111111,
11111 11111111 11111, 111 1111111111 ist 11911111 11111111..
&abet 1113111, 11 1111111111 in 1111111111 11111111
(1111111111111111111111111,11111111111111111161111111, 180. .
9111) 111 1111111111 31111 11111111 111 111111 91111111 1111,

11111 11 111111111111111111111 bie 1111111 1111111 111111 1111,

1111 1111111111 11131111 11111111111111111111 11111111 -
1111 1111 immet 111111, 1111 11111111111111, 11 11111111,

, 111 1111 nod) 11111 1111, 11111, 111 11 1111111111 111 1111111111, 181,
&ab 1111 1111111111 111111 1111111111 gum 1111111111111,

1111 mie 111 1111111 111111111111111 [11111111 11111111 ’

111111 111111 111111 sid, 111 &avb 11 1111 1111111, 11111 1111 111 11111111

111111 111111 1111, 111 11111 1111111 111111 1111111111

 

